	AR	ATF2	ATF3	BCL3	BCLAF1	BHLHE40	BRCA1	CBX3	CEBPB	CEBPD	CHD1	CREB1	CTCF	E2F1	E2F4	E2F6	EGR1	ELF1	ERG	ESR1	ETS1	EZH2	FLI1	FOS	FOSL2	FOXA1	FOXA2	FOXM1	FOXP2	GABPA	GATA1	GATA2	HDAC2	HNF4A	IRF1	IRF3	IRF8	KAT2A	KLF4	MAX	MYC	MYOD1	NANOG	NELFE	NFE2L2	NFIC	NFYA	NFYB	NR2C2	NRF1	PBX3	PML	POU5F1	PPARD	PPARG	RAD21	RCOR1	RELA	REST	RFX5	RUNX1	SALL4	SIN3A	SIX5	SMAD4	SMC3	SOX2	SP1	SP2	SPI1	SRF	STAT3	STAT5A	SUZ12	TAF1	TAF7	TCF3	TCF7L2	TP53	TP63	TRIM28	UBTF	USF1	USF2	VDR	YY1	ZBTB33	ZBTB7A	ZC3H11A	ZEB1	ZKSCAN1	ZMIZ1	ZNF384
AR	1.0	0.03436426116838488	0.0008285004142502071	0.0066273932253313695	0.014121338912133892	0.019815994338287332	0.04289544235924933	0.002559726962457338	0.009787928221859706	0.021836506159014557	0.018658892128279883	0.03306122448979592	0.041666666666666664	0.033988316516197555	0.0273972602739726	0.051232007806782144	0.0225705329153605	0.02964254577157803	0.013923013923013924	0.0196078431372549	0.0056315366049879325	0.01992337164750958	0.0163265306122449	0.02244536326048435	0.00703125	0.018823529411764704	0.022496371552975326	0.005922165820642978	0.009531374106433678	0.026324341891452715	0.05438401775804662	0.045989904655075714	0.011155378486055778	0.0337275514673675	0.00967982129560685	0.024504084014002333	0.010815307820299502	0.003389830508474576	0.028698664027709056	0.03941702550513415	0.017758726270667484	0.009615384615384616	0.03940886699507389	0.00683371298405467	0.06875631951466127	0.014781966001478197	0.04331450094161959	0.04858210595735327	0.01263157894736842	0.030555555555555555	0.043882978723404256	0.02375478927203065	0.016504126031507877	0.016224188790560472	0.02518891687657431	0.03518029903254178	0.02280501710376283	0.020051746442432083	0.054764024933214604	0.017868145409735057	0.04237658366098733	0.024752475247524754	0.027390900649953576	0.022086466165413533	0.06269791006966434	0.04178145087235996	0.053642010163749296	0.023877202956225127	0.03229011425732737	0.02584968884633796	0.012354651162790697	0.026568682871678916	0.004545454545454545	0.08150470219435736	0.04127134724857685	0.013513513513513514	0.03755364806866953	0.022574740695546065	0.03367496339677892	0.05837239028547082	0.028391167192429023	0.05430566330488751	0.03761885076477883	0.02902902902902903	0.005159071367153913	0.010630758327427357	0.01872871736662883	0.040549169859514685	0.008244023083264633	0.008403361344537815	0.00579950289975145	0.026113671274961597	0.028797289666854884
ATF2	0.03436426116838488	1.0	0.02479050279329609	0.05309734513274336	0.175	0.03937007874015748	0.3693570451436389	0.01753155680224404	0.025596679349705984	0.11838790931989925	0.08936970837253057	0.18343524180100054	0.109717868338558	0.08441558441558442	0.09670398009950248	0.17867603983596952	0.06535532994923858	0.2270081490104773	0.015063334474495036	0.004728132387706856	0.03296321998612075	0.0013097576948264572	0.0901665095821552	0.06926406926406926	0.01583024587403166	0.020917678812415654	0.02617801047120419	0.01320361362056984	0.030949105914718018	0.22431077694235588	0.03127665624111459	0.0333716915995397	0.01904761904761905	0.07017543859649122	0.037348586810228804	0.06873274010432648	0.00822481151473612	0.026445698166431594	0.07301945305892303	0.22113453815261044	0.08761232349165597	0.00775978407557355	0.03297035692679976	0.055305910819218804	0.039512855209742896	0.045178691840863115	0.16008268259072117	0.2096443865202011	0.05245683930942895	0.14039349040563517	0.13294476824868165	0.23290358744394618	0.017497523935292175	0.018700787401574805	0.04484584241669262	0.06888423258250392	0.059584712609088174	0.06306306306306306	0.03827629911280101	0.0565978736710444	0.07924429283652584	0.022207917605407145	0.17436661698956782	0.11199772014819037	0.019461077844311378	0.06759283996794016	0.05243116578793205	0.07856924487924183	0.10257896261953058	0.09167842031029619	0.05441027374112876	0.10753360425132855	0.03702445652173913	0.009221772379667117	0.36054270462633453	0.1453218314532183	0.08506224066390042	0.06878140703517588	0.017504051863857374	0.035406933857880504	0.010333333333333333	0.09348093480934809	0.12387267904509283	0.08706896551724137	0.007654836464857342	0.04716041182331451	0.1461112918971689	0.10972624081905186	0.01304945054945055	0.00861474844934528	0.0082276311278711	0.08966121495327103	0.08465770171149144
ATF3	0.0008285004142502071	0.02479050279329609	1.0	0.02099737532808399	0.012644889357218124	0.06192660550458716	0.024201054917778467	0.026041666666666668	0.02766798418972332	0.020481927710843374	0.002607561929595828	0.027116402116402115	0.010117145899893504	0.011482254697286013	0.014814814814814815	0.014620773682607372	0.015552099533437015	0.019475357710651828	0.011673151750972763	0.0037174721189591076	0.022556390977443608	0.002840909090909091	0.018641810918774968	0.027285129604365622	0.0032258064516129032	0.006269592476489028	0.004662004662004662	0.004761904761904762	0.024475524475524476	0.015370284117373078	0.004357298474945534	0.005668934240362812	0.010416666666666666	0.007288629737609329	0.005319148936170213	0.01038961038961039	0.01282051282051282	0.00980392156862745	0.010091743119266056	0.03201146679407549	0.01634472511144131	0.007142857142857143	0.0056657223796034	0.008695652173913044	0.005309734513274336	0.025974025974025976	0.008165019338203695	0.007171314741035857	0.006493506493506494	0.023662551440329218	0.008791208791208791	0.014979029358897543	0.005333333333333333	0.012658227848101266	0.009316770186335404	0.005847953216374269	0.009900990099009901	0.01353637901861252	0.00870195794053662	0.010494752623688156	0.013678905687544997	0.008565310492505354	0.04395604395604396	0.008424599831508003	0.00430416068866571	0.0078064012490242	0.003389830508474576	0.0098159509202454	0.0045662100456621	0.011284722222222222	0.061381074168797956	0.012077294685990338	0.005780346820809248	0.0005614823133071309	0.01698956780923994	0.020491803278688523	0.013785790031813362	0.008670520231213872	0.0069605568445475635	0.0053404539385847796	0.003076923076923077	0.005780346820809248	0.049315068493150684	0.0547945205479452	0.005263157894736842	0.011286681715575621	0.011138613861386138	0.007954043305346884	0.004098360655737705	0.004524886877828055	0.008547008547008548	0.0058823529411764705	0.015643802647412757
BCL3	0.0066273932253313695	0.05309734513274336	0.02099737532808399	1.0	0.061611374407582936	0.02471169686985173	0.033761577532118316	0.014245014245014245	0.02696078431372549	0.06794055201698514	0.02768549280177187	0.029464822609741433	0.027486256871564217	0.021739130434782608	0.010298661174047374	0.022860492379835874	0.022670025188916875	0.028700906344410877	0.019464720194647202	0.009411764705882352	0.04866180048661801	0.0019569471624266144	0.024390243902439025	0.025871766029246346	0.021739130434782608	0.01694915254237288	0.010273972602739725	0.005434782608695652	0.03669724770642202	0.028583992963940194	0.012172284644194757	0.015533980582524271	0.025056947608200455	0.021206096752816435	0.015122873345935728	0.01406926406926407	0.015384615384615385	0.019553072625698324	0.023558082859463852	0.02883762200532387	0.02679658952496955	0.004555808656036446	0.01282051282051282	0.05186721991701245	0.01092896174863388	0.06333973128598848	0.022866476112699062	0.02066649444587962	0.01794453507340946	0.017037387600567912	0.06077348066298342	0.07795229784758581	0.007518796992481203	0.009025270758122744	0.013784461152882205	0.023333333333333334	0.0273972602739726	0.06013986013986014	0.005188067444876783	0.019583843329253364	0.0188556566970091	0.014492753623188406	0.04185351270553064	0.014970059880239521	0.010588235294117647	0.027639971651311126	0.015518913676042677	0.03477344573234984	0.024410089503661515	0.022393822393822392	0.021352313167259787	0.035306334371754934	0.047520661157024795	0.0031007751937984496	0.027034800115041703	0.04498269896193772	0.0391425908667288	0.0166073546856465	0.006791171477079796	0.008479709267110842	0.008316008316008316	0.017684887459807074	0.022370012091898428	0.024855012427506214	0.008645533141210375	0.018456375838926176	0.03499469777306469	0.02780117944397641	0.01	0.01871657754010695	0.015424164524421594	0.04497354497354497	0.021384928716904276
BCLAF1	0.014121338912133892	0.175	0.012644889357218124	0.061611374407582936	1.0	0.030198446937014668	0.11844660194174757	0.046223224351747465	0.017453798767967144	0.11756373937677053	0.05782792665726375	0.05545286506469501	0.06655844155844155	0.051329622758194186	0.060068259385665526	0.06894736842105263	0.04769114307342922	0.11690952219586581	0.015368852459016393	0.003006012024048096	0.043704474505723206	0.0027752081406105457	0.07240143369175628	0.028413028413028413	0.017578125	0.012512030798845043	0.018404907975460124	0.015086206896551725	0.02708124373119358	0.19991755976916736	0.022896039603960396	0.021464646464646464	0.03861788617886179	0.047595438770451165	0.044256120527306965	0.022357723577235773	0.007284079084287201	0.02516411378555799	0.052873563218390804	0.10049486105824133	0.04814814814814815	0.003964321110009911	0.018374558303886925	0.05992141453831041	0.023574561403508772	0.05827067669172932	0.04695474651241919	0.05726975222066386	0.041811846689895474	0.046538461538461535	0.0592964824120603	0.1630695443645084	0.019319227230910764	0.016172506738544475	0.033682634730538924	0.03538083538083538	0.048102981029810296	0.06230031948881789	0.022157996146435453	0.022561863173216887	0.051622418879056046	0.02037351443123939	0.11136235161107971	0.0819304152637486	0.017057569296375266	0.040123456790123455	0.03516624040920716	0.04085733422638982	0.07579318448883667	0.05274847307051638	0.024128686327077747	0.09567039106145252	0.0736318407960199	0.004798080767692923	0.1501943364797335	0.1948261924009701	0.049782202862476664	0.04842259721203228	0.01216333622936577	0.017280582082764895	0.011483253588516746	0.058244111349036405	0.05846585594013096	0.045060658578856154	0.004357298474945534	0.02432667245873154	0.0653819683413627	0.06168487839266831	0.011398963730569948	0.017075773745997867	0.008342022940563087	0.06549423893268648	0.052807486631016046
BHLHE40	0.019815994338287332	0.03937007874015748	0.06192660550458716	0.02471169686985173	0.030198446937014668	1.0	0.04309327036599764	0.011764705882352941	0.029227557411273485	0.041465766634522665	0.03941908713692946	0.03356481481481482	0.030478955007256895	0.030874785591766724	0.027263875365141188	0.05288035450516987	0.03990610328638498	0.02641232575201761	0.01859504132231405	0.010040160642570281	0.032719836400818	0.005145797598627788	0.018367346938775512	0.04118268215417107	0.020637898686679174	0.033582089552238806	0.023112480739599383	0.00909090909090909	0.025341130604288498	0.023759015697921087	0.019417475728155338	0.024702653247941447	0.027450980392156862	0.031289910600255426	0.02003338898163606	0.02535496957403651	0.01293103448275862	0.006880733944954129	0.03975058456742011	0.10378228782287822	0.029180695847362513	0.007827788649706457	0.025	0.0210896309314587	0.022404779686333084	0.036303630363036306	0.03283940728874649	0.03683668212261721	0.011594202898550725	0.03395348837209302	0.04477611940298507	0.035464803868887694	0.018363939899833055	0.01932367149758454	0.029137529137529136	0.020939086294416244	0.041708043694141016	0.030978934324659233	0.018820577164366373	0.02834467120181406	0.034026465028355386	0.024745269286754003	0.06376811594202898	0.01060070671378092	0.008648648648648649	0.027646662171274445	0.027497708524289642	0.023255813953488372	0.023809523809523808	0.029455081001472753	0.01726844583987441	0.035783365570599614	0.012195121951219513	0.006493506493506494	0.03610005685048323	0.024033437826541274	0.04942630185348632	0.035595105672969966	0.013677811550151976	0.01994134897360704	0.012681159420289856	0.04891015417331207	0.13359023763648042	0.1705357142857143	0.002364066193853428	0.013392857142857142	0.022395326192794548	0.04401993355481727	0.00631578947368421	0.008869179600886918	0.01735357917570499	0.03536184210526316	0.041586073500967116
BRCA1	0.04289544235924933	0.3693570451436389	0.024201054917778467	0.033761577532118316	0.11844660194174757	0.04309327036599764	1.0	0.010825858335910918	0.018654434250764525	0.09349706949483673	0.1056723293982148	0.18230631552032728	0.11540188594521779	0.08631352514116698	0.0963108983384962	0.21066565809379728	0.0713463751438435	0.21701576333405312	0.015239256324291375	0.005719446116797111	0.02956575300277179	0.0026354319180087846	0.07120915945266686	0.0702490904002239	0.010457125784284434	0.02446390818483842	0.023079170318434122	0.010467980295566502	0.02717557251908397	0.19885844748858447	0.034724021767297227	0.03939075630252101	0.020643594414086218	0.08795504519912045	0.02771156138259833	0.07634228187919463	0.007001522070015221	0.019284603421461897	0.06810035842293907	0.2156634905879619	0.07654816513761468	0.00720937218383899	0.029123571039738703	0.04142552543405422	0.04236868186323092	0.039280359820089955	0.18094615216917376	0.22794775451780283	0.03695014662756598	0.1618457300275482	0.13209468058030033	0.2032828282828283	0.014714537963507945	0.015803336259877086	0.04846435615666385	0.07337678011103066	0.06347469220246238	0.057027649769585256	0.041793135652579964	0.06422279056550156	0.08660844250363901	0.021043528394349958	0.14582224587546566	0.1123273390669794	0.019189189189189187	0.0720078643401327	0.03910761154855643	0.08016643550624133	0.09907773386034256	0.08643241856886381	0.044964028776978415	0.09189944134078212	0.02395926924228811	0.008729993764290168	0.3455790784557908	0.09586681974741676	0.09488852637302882	0.06318758815232722	0.0188953488372093	0.04497716894977169	0.011011904761904763	0.11701880659391688	0.1270812928501469	0.10023866348448687	0.0064794816414686825	0.03652430044182622	0.2003704847175054	0.13896573739093424	0.012519083969465649	0.010122699386503068	0.007310386841303686	0.08587331036310628	0.08629300776914539
CBX3	0.002559726962457338	0.01753155680224404	0.026041666666666668	0.014245014245014245	0.046223224351747465	0.011764705882352941	0.010825858335910918	1.0	0.008888888888888889	0.0136986301369863	0.00546448087431694	0.00728959575878065	0.012493210211841391	0.01079913606911447	0.010243277848911651	0.012899262899262898	0.008130081300813009	0.011586096683979225	0.013392857142857142	0.00423728813559322	0.012711864406779662	0.003134796238244514	0.008264462809917356	0.006993006993006993	0.007246376811594203	0.006993006993006993	0.0025188916876574307	0.017142857142857144	0.02766798418972332	0.016571969696969696	0.005656108597285068	0.004705882352941176	0.023809523809523808	0.005216095380029807	0.008771929824561403	0.005398110661268556	0.0049261083743842365	0.011695906432748537	0.0084985835694051	0.019654841802492808	0.007739938080495356	0.008097165991902834	0.00894187779433681	0.012861736334405145	0.006386861313868613	0.022598870056497175	0.006089604175728578	0.006964907581034021	0.0117096018735363	0.0025614754098360654	0.009767092411720512	0.011571254567600487	0.023809523809523808	0.005479452054794521	0.009819967266775777	0.009774436090225564	0.006426735218508998	0.0035460992907801418	0.004437869822485207	0.007861635220125786	0.004382761139517896	0.006896551724137931	0.016060862214708368	0.007792207792207792	0.004518072289156626	0.010441767068273093	0.007067137809187279	0.008939974457215836	0.006603773584905661	0.0044365572315882874	0.018666666666666668	0.015132408575031526	0.012861736334405145	0.002292263610315186	0.012586155229247827	0.027338129496402876	0.01095290251916758	0.0121765601217656	0.010075566750629723	0.00408997955010225	0.006872852233676976	0.008865248226950355	0.006715916722632639	0.005774783445620789	0.01935483870967742	0.007281553398058253	0.011612903225806452	0.004468275245755138	0.004739336492890996	0.005319148936170213	0.009950248756218905	0.0060790273556231	0.008706467661691543
CEBPB	0.009787928221859706	0.025596679349705984	0.02766798418972332	0.02696078431372549	0.017453798767967144	0.029227557411273485	0.018654434250764525	0.008888888888888889	1.0	0.12724935732647816	0.03096774193548387	0.027255029201817	0.01048767697954903	0.022517911975435005	0.016706443914081145	0.011131167268351384	0.011851851851851851	0.01645123384253819	0.006944444444444444	0.030927835051546393	0.027210884353741496	0.002617801047120419	0.0076045627376425855	0.030263157894736843	0.03333333333333333	0.02631578947368421	0.01991150442477876	0.012605042016806723	0.025396825396825397	0.011441647597254004	0.010615711252653927	0.01662971175166297	0.025559105431309903	0.012186379928315413	0.009900990099009901	0.017632241813602016	0.011363636363636364	0.008547008547008548	0.023529411764705882	0.02576112412177986	0.02881844380403458	0.022950819672131147	0.017881705639614855	0.03561643835616438	0.009523809523809525	0.044226044226044224	0.02193548387096774	0.018928285790455877	0.012269938650306749	0.009495252373813094	0.027007299270072994	0.020722320899940794	0.012437810945273632	0.011764705882352941	0.021021021021021023	0.007885304659498209	0.020506634499396863	0.027777777777777776	0.0049504950495049506	0.023255813953488372	0.015536723163841809	0.02663934426229508	0.03773584905660377	0.009046052631578948	0.008287292817679558	0.01303680981595092	0.02569832402234637	0.024009603841536616	0.013452914798206279	0.02575107296137339	0.01598173515981735	0.04830917874396135	0.03278688524590164	0.005549389567147614	0.02015411973918198	0.03462050599201065	0.022821576763485476	0.021037868162692847	0.017543859649122806	0.01119157340355497	0.011363636363636364	0.01665709362435382	0.023591087811271297	0.026876737720111215	0.0091324200913242	0.014861995753715499	0.019253910950661854	0.018061674008810574	0.011029411764705883	0.00398406374501992	0.015267175572519083	0.027237354085603113	0.022222222222222223
CEBPD	0.021836506159014557	0.11838790931989925	0.020481927710843374	0.06794055201698514	0.11756373937677053	0.041465766634522665	0.09349706949483673	0.0136986301369863	0.12724935732647816	1.0	0.06779661016949153	0.07799304520615996	0.0466278101582015	0.056628914057295136	0.05886681383370125	0.0661625708884688	0.038430089942763694	0.055739880557398806	0.015046296296296295	0.014874141876430207	0.03733955659276546	0.004140786749482402	0.035982008995502246	0.04820198928844682	0.02654867256637168	0.0262582056892779	0.02845927379784102	0.014705882352941176	0.02824858757062147	0.05946969696969697	0.041271989174560215	0.05692199578355587	0.03064699205448354	0.056553911205074	0.032157676348547715	0.0449438202247191	0.007075471698113208	0.02746566791510612	0.05528255528255528	0.07427466150870406	0.05088852988691438	0.013528748590755355	0.02948021722265322	0.12733644859813084	0.0281524926686217	0.06190975865687303	0.07393983327292497	0.07562820200048792	0.026565464895635674	0.06018706791378609	0.09741331865712713	0.1367437284800787	0.019487179487179488	0.030395136778115502	0.047107438016528926	0.02573340195573855	0.048280907095830286	0.07325684024713151	0.021363173957273652	0.043654001616814875	0.05359001040582726	0.031279620853080566	0.09910979228486647	0.03479749001711352	0.020139426800929512	0.03414634146341464	0.042966042966042964	0.05804555473916238	0.049511002444987774	0.055062166962699825	0.029940119760479042	0.08178438661710037	0.0928652321630804	0.009255363904080775	0.11699473246465207	0.1678082191780822	0.08407994486560992	0.05368589743589743	0.02737047898338221	0.026595744680851064	0.011802575107296138	0.06796556411418214	0.05757874015748032	0.05018587360594796	0.013801756587202008	0.027992277992277992	0.07014925373134329	0.08053691275167785	0.012925969447708578	0.010843373493975903	0.0070838252656434475	0.0997322623828648	0.057163531114327065
CHD1	0.018658892128279883	0.08936970837253057	0.002607561929595828	0.02768549280177187	0.05782792665726375	0.03941908713692946	0.1056723293982148	0.00546448087431694	0.03096774193548387	0.06779661016949153	1.0	0.05603230691569914	0.044596912521440824	0.048678720445062586	0.057498057498057496	0.059113300492610835	0.03923278116826504	0.0518468315825144	0.020434227330779056	0.004968944099378882	0.031806615776081425	0.003374578177727784	0.03164556962025317	0.03608660785886127	0.02286401925391095	0.03864734299516908	0.02754237288135593	0.009421265141318977	0.03482587064676617	0.04657428791377983	0.036170212765957444	0.03483309143686502	0.019656019656019656	0.03390742734122713	0.01888888888888889	0.041930379746835444	0.011734028683181226	0.02194787379972565	0.05128205128205128	0.08046437149719776	0.06163194444444445	0.003667481662591687	0.02967848309975268	0.06996381182147166	0.021964612568639415	0.04124860646599777	0.054844606946983544	0.06438928483656918	0.02240325865580448	0.054189245518966235	0.06979341150195421	0.0855614973262032	0.024608501118568233	0.014038876889848811	0.037521815008726006	0.02351683591662213	0.06274509803921569	0.06454630495790459	0.02170460561143462	0.04299226139294927	0.05016181229773463	0.033776867963152504	0.06803130644190247	0.03456495828367104	0.018914473684210526	0.025210084033613446	0.04008746355685131	0.042081101759755164	0.04262086513994911	0.04797047970479705	0.01597444089456869	0.06332046332046332	0.02424942263279446	0.009130434782608696	0.11076750070283947	0.08798646362098139	0.07786589762076424	0.05097706032285471	0.022058823529411766	0.029707955689828803	0.021251475796930343	0.10684798445847499	0.06041986687147977	0.06732673267326733	0.006896551724137931	0.022797927461139896	0.034324942791762014	0.06455266138165346	0.010309278350515464	0.002635046113306983	0.009114583333333334	0.11071682044002838	0.07043343653250773
CREB1	0.03306122448979592	0.18343524180100054	0.027116402116402115	0.029464822609741433	0.05545286506469501	0.03356481481481482	0.18230631552032728	0.00728959575878065	0.027255029201817	0.07799304520615996	0.05603230691569914	1.0	0.06340819022457067	0.07960433349034385	0.0757271815446339	0.09634864546525324	0.04827586206896552	0.12434933487565067	0.014743589743589743	0.009505703422053232	0.029696578437701744	0.002992220227408737	0.08130502330398758	0.09320695102685624	0.011764705882352941	0.019218846869187848	0.019767441860465116	0.010540184453227932	0.02864417568427753	0.13072950290510008	0.03839037927844589	0.04048964218455744	0.015733165512901194	0.0460170146945089	0.029038112522686024	0.0908618899273105	0.008403361344537815	0.017298735861610112	0.060831509846827135	0.12427372498386055	0.07498660953401179	0.01197982345523329	0.033028455284552845	0.03853325046612803	0.04371816638370119	0.02874251497005988	0.14979630209965528	0.15280594996619337	0.02346880366342301	0.09556878306878307	0.12266112266112267	0.09868900218499636	0.017964071856287425	0.016519174041297935	0.048352816153028694	0.042890262751159196	0.05421389847215377	0.03556034482758621	0.045051983057373894	0.08355941399891481	0.06430241621200312	0.020477815699658702	0.09738309738309739	0.08808290155440414	0.027947154471544715	0.047275641025641024	0.042432814710042434	0.09100152516522624	0.10236578707916287	0.08551483420593368	0.049516908212560384	0.0671604938271605	0.018902439024390243	0.011730205278592375	0.15038872691933916	0.05343511450381679	0.06995305164319249	0.056455828541557763	0.017960602549246814	0.041221935958778065	0.011656441717791411	0.06502086230876217	0.09261385380788366	0.08348375451263539	0.011356045424181697	0.03931924882629108	0.05470675209462789	0.0707070707070707	0.016861219195849545	0.010464355788096796	0.008408796895213453	0.06869881710646042	0.06643700787401575
CTCF	0.041666666666666664	0.109717868338558	0.010117145899893504	0.027486256871564217	0.06655844155844155	0.030478955007256895	0.11540188594521779	0.012493210211841391	0.01048767697954903	0.0466278101582015	0.044596912521440824	0.06340819022457067	1.0	0.051036682615629984	0.02554594149155336	0.10160899272647124	0.03849597135183527	0.06626354245401865	0.009958071278825996	0.013605442176870748	0.015183246073298429	0.013039117352056168	0.03710021321961621	0.02891156462585034	0.011764705882352941	0.013768485466598673	0.018446601941747572	0.0021344717182497333	0.015018125323666495	0.07188631930899972	0.04353083434099154	0.04202366381068951	0.025130890052356022	0.055382485289027346	0.018426294820717132	0.02860748843079512	0.007407407407407408	0.008073196986006458	0.057295645530939646	0.0872159090909091	0.03751103265666372	0.010892116182572614	0.027225583405358685	0.0218052738336714	0.054155697630688227	0.028942115768463075	0.06051797040169133	0.08141838351822504	0.02156205079060853	0.06308139534883721	0.04857044436789528	0.07345895879910572	0.015399900645802286	0.016224188790560472	0.03391343150379295	0.4326741996233522	0.07118205349439172	0.03375912408759124	0.049776862341228974	0.028558875219683654	0.06401384083044982	0.018095238095238095	0.04878930249367546	0.04601899196493791	0.03407601572739188	0.5145929339477726	0.046273546273546275	0.035343035343035345	0.058530986993114	0.050445103857566766	0.0166015625	0.045492487479131885	0.022323693556570268	0.061557402277623886	0.08781323623902335	0.042764578833693306	0.065826899634295	0.036371603856266435	0.02889324191968658	0.04719471947194719	0.019437340153452685	0.10977198697068404	0.060324825986078884	0.0505166475315729	0.005955603681645912	0.020752895752895753	0.032418952618453865	0.13644214162348878	0.04139433551198257	0.011783610069630423	0.013851891315929675	0.0458252427184466	0.0648854961832061
E2F1	0.033988316516197555	0.08441558441558442	0.011482254697286013	0.021739130434782608	0.051329622758194186	0.030874785591766724	0.08631352514116698	0.01079913606911447	0.022517911975435005	0.056628914057295136	0.048678720445062586	0.07960433349034385	0.051036682615629984	1.0	0.13034033309196236	0.09203112422860209	0.043478260869565216	0.0647760232033516	0.0121580547112462	0.013052208835341365	0.01812688821752266	0.004599816007359705	0.04083044982698962	0.05815602836879433	0.013513513513513514	0.016299137104506232	0.021834061135371178	0.014957264957264958	0.018756169792694965	0.06377551020408163	0.024676125848241828	0.028462998102466792	0.01678183613030602	0.03011170471102477	0.017304189435336976	0.05935754189944134	0.008264462809917356	0.013948497854077254	0.05323411562678878	0.09025949605114705	0.09884169884169884	0.01089108910891089	0.035739814152966405	0.038204393505253106	0.03021978021978022	0.02717391304347826	0.09164897381457891	0.08241758241758242	0.020338983050847456	0.06352299298519096	0.06976744186046512	0.06663743971942131	0.023853211009174313	0.018783542039355994	0.03425167535368578	0.036256736893679566	0.03666666666666667	0.02843966179861645	0.029482841952634124	0.039735099337748346	0.04527750730282376	0.03773584905660377	0.07516339869281045	0.056768558951965066	0.01768033946251768	0.03942652329749104	0.03961661341853035	0.05898305084745763	0.06239168110918544	0.04961411245865491	0.019434628975265017	0.05063291139240506	0.01683816651075772	0.006387225548902195	0.08239895697522816	0.06294706723891273	0.04953560371517028	0.03604902667627974	0.02445414847161572	0.03551660516605166	0.008522727272727272	0.05131467345207803	0.05923507462686567	0.054556006964596636	0.004319654427645789	0.029488291413703384	0.05348679756262695	0.048247136410968415	0.013388259526261586	0.008394543546694649	0.0198744769874477	0.04934601664684899	0.05392809587217044
E2F4	0.0273972602739726	0.09670398009950248	0.014814814814814815	0.010298661174047374	0.060068259385665526	0.027263875365141188	0.0963108983384962	0.010243277848911651	0.016706443914081145	0.05886681383370125	0.057498057498057496	0.0757271815446339	0.02554594149155336	0.13034033309196236	1.0	0.11798233114847535	0.03923205342237062	0.0749063670411985	0.010676156583629894	0.005834305717619603	0.022485207100591716	0.004250797024442083	0.05112316034082107	0.07772435897435898	0.006688963210702341	0.024691358024691357	0.016898608349900597	0.07352941176470588	0.020761245674740483	0.06861989205859677	0.01815736381977135	0.015099519560741249	0.01261467889908257	0.03296703296703297	0.026455026455026454	0.0890302066772655	0.0048484848484848485	0.016560509554140127	0.04894671623296159	0.09249702262802699	0.07588532883642496	0.0069124423963133645	0.034976152623211444	0.049107142857142856	0.012302284710017574	0.02598752598752599	0.12394797245600613	0.10819009100101112	0.03933136676499508	0.08853288364249579	0.07360959651035986	0.07223264540337711	0.01892744479495268	0.01639344262295082	0.026446280991735537	0.02021772939346812	0.023255813953488372	0.04017467248908297	0.01432225063938619	0.04714640198511166	0.0368066355624676	0.022115384615384617	0.13478260869565217	0.06361474435196195	0.00858704137392662	0.01838831800973499	0.03424178895877009	0.07932875667429443	0.06348208673790069	0.04334916864608076	0.026503567787971458	0.06319702602230483	0.028446389496717725	0.002957329953527672	0.08186976492839773	0.07377706495589414	0.03337783711615487	0.03781174577634755	0.01483679525222552	0.016965584100824042	0.013245033112582781	0.04808988764044944	0.05514157973174367	0.05763141228625712	0.0038461538461538464	0.030723488602576808	0.06661619984859955	0.040942028985507244	0.012091898428053204	0.0036991368680641184	0.0048543689320388345	0.03917790622992935	0.06449221645663454
E2F6	0.051232007806782144	0.17867603983596952	0.014620773682607372	0.022860492379835874	0.06894736842105263	0.05288035450516987	0.21066565809379728	0.012899262899262898	0.011131167268351384	0.0661625708884688	0.059113300492610835	0.09634864546525324	0.10160899272647124	0.09203112422860209	0.11798233114847535	1.0	0.057166995212616166	0.130712432648174	0.009915865384615384	0.008375710439724798	0.01504664459825459	0.008467153284671533	0.04599567099567099	0.05415754923413567	0.01216256303767428	0.016939078751857354	0.018748197288722238	0.010680500457735734	0.01738609112709832	0.12170773152081563	0.04195804195804196	0.038812190674654856	0.024154589371980676	0.07894103489771359	0.025951046888823357	0.056372549019607844	0.00785024154589372	0.010079413561392792	0.07440552288417285	0.3031954421600198	0.06350098342230964	0.007444907683144729	0.03587931503125849	0.020414201183431954	0.042312423124231245	0.027932960893854747	0.14794520547945206	0.19961712495649148	0.028851702250432775	0.16100342075256557	0.0967425912319373	0.14493791786055396	0.01636469900642899	0.01596053395240859	0.046012269938650305	0.06468489892984543	0.06123001896505012	0.040787623066104076	0.04855275443510738	0.048028872848417545	0.08	0.02525832376578645	0.10274669379450661	0.06465196928412187	0.02785289345592212	0.07200390529655845	0.04588358678552701	0.05427189682966147	0.06678517013712544	0.0657007244566575	0.022093023255813953	0.05546623794212219	0.016804245283018868	0.038715166985747715	0.19416941694169418	0.05338078291814947	0.07755644090305445	0.05235457063711911	0.01755900978698906	0.05616689591930307	0.01872770511296076	0.12633783154955794	0.15248756218905474	0.11025504782146653	0.004884004884004884	0.02158894645941278	0.06035182679296346	0.1397712833545108	0.012405446293494705	0.008191747572815534	0.012132241431604488	0.06393400360917763	0.07171964140179299
EGR1	0.0225705329153605	0.06535532994923858	0.015552099533437015	0.022670025188916875	0.04769114307342922	0.03990610328638498	0.0713463751438435	0.008130081300813009	0.011851851851851851	0.038430089942763694	0.03923278116826504	0.04827586206896552	0.03849597135183527	0.043478260869565216	0.03923205342237062	0.057166995212616166	1.0	0.04952581664910432	0.005891016200294551	0.01020408163265306	0.017569546120058566	0.0038809831824062097	0.03937007874015748	0.021720243266724587	0.012413793103448275	0.017783857729138167	0.02031063321385902	0.004754358161648178	0.03318903318903319	0.055983772819472616	0.018168054504163512	0.016291698991466253	0.031791907514450865	0.02849002849002849	0.021683673469387755	0.019524617996604415	0.0045662100456621	0.014516129032258065	0.02488231338264963	0.05947497949138638	0.03748828491096532	0.01002865329512894	0.017969451931716084	0.02663115845539281	0.020287958115183247	0.028930817610062894	0.04019534184823441	0.04746520874751491	0.04716981132075472	0.047309027777777776	0.03806228373702422	0.06542526421741318	0.016518424396442185	0.0098159509202454	0.024832855778414518	0.030355097365406643	0.03595317725752508	0.03441295546558704	0.017386427369601793	0.019516728624535316	0.043304843304843306	0.021714285714285714	0.050697084917617236	0.04046242774566474	0.012623985572587917	0.02696225284601558	0.02421875	0.03746877601998335	0.03254237288135593	0.027166882276843468	0.02696078431372549	0.04128819157720892	0.010484927916120577	0.005471956224350205	0.06498194945848375	0.0427807486631016	0.053475935828877004	0.026556776556776556	0.009422850412249705	0.02009518773135907	0.010796221322537112	0.04543257612373127	0.0625	0.05704225352112676	0.0032679738562091504	0.02591283863368669	0.04289318755256518	0.05914610262436349	0.013657056145675266	0.004672897196261682	0.010736196319018405	0.03131672597864769	0.038524590163934426
ELF1	0.02964254577157803	0.2270081490104773	0.019475357710651828	0.028700906344410877	0.11690952219586581	0.02641232575201761	0.21701576333405312	0.011586096683979225	0.01645123384253819	0.055739880557398806	0.0518468315825144	0.12434933487565067	0.06626354245401865	0.0647760232033516	0.0749063670411985	0.130712432648174	0.04952581664910432	1.0	0.012485368708544674	0.0038535645472061657	0.0243614931237721	0.0018635855385762206	0.12809315866084425	0.05717220130092434	0.009538344143456695	0.018014564967420467	0.0180345969819654	0.007120253164556962	0.018999612252811167	0.34615384615384615	0.024536017615602392	0.026441541892322395	0.010388611004232396	0.06473789745058722	0.020308386611508085	0.06390977443609022	0.007442224833529181	0.01721377101681345	0.05237366003062787	0.15940159917461955	0.06190643686246922	0.00422102839600921	0.02249832102081934	0.017444065225635193	0.030276046304541407	0.025544703230653644	0.14031668696711327	0.17173455727672596	0.05342362678705794	0.11785991212199534	0.0924072984108299	0.14688300597779674	0.013452914798206279	0.02128454070201643	0.02966540186271128	0.042708626018544533	0.043377483443708606	0.03748231966053748	0.037305122494432075	0.03260123541523679	0.0657744874715262	0.012265512265512266	0.16135328562134027	0.15575916230366493	0.015050167224080268	0.04135554279149914	0.029712460063897765	0.0632996632996633	0.10379177377892031	0.12251443232841565	0.049217855780236554	0.08035410282601294	0.022874571101791842	0.005126953125	0.24934782608695652	0.05765271105010295	0.04742202418841502	0.05458970792767733	0.014285714285714285	0.04007581911724885	0.009101251422070534	0.06535947712418301	0.11120689655172414	0.08040519151630263	0.009188973232121454	0.04349456317960255	0.08877374784110535	0.08331377610889462	0.008206330597889801	0.008280757097791799	0.009422850412249705	0.058249370277078084	0.06427854034147974
ERG	0.013923013923013924	0.015063334474495036	0.011673151750972763	0.019464720194647202	0.015368852459016393	0.01859504132231405	0.015239256324291375	0.013392857142857142	0.006944444444444444	0.015046296296296295	0.020434227330779056	0.014743589743589743	0.009958071278825996	0.0121580547112462	0.010676156583629894	0.009915865384615384	0.005891016200294551	0.012485368708544674	1.0	0.0033444816053511705	0.013422818791946308	0.007894736842105263	0.008883248730964468	0.00902061855670103	0.008875739644970414	0.0057306590257879654	0.006550218340611353	0.004166666666666667	0.022151898734177215	0.012368300503893724	0.00847457627118644	0.012141280353200883	0.009433962264150943	0.009292351679771264	0.01240694789081886	0.012531328320802004	0.007547169811320755	0.012875536480686695	0.018001800180018002	0.014358499305233904	0.017094017094017096	0.012987012987012988	0.006802721088435374	0.013404825737265416	0.007778738115816767	0.009501187648456057	0.010633772862611655	0.011914217633042097	0.020618556701030927	0.013547415955845458	0.010775862068965518	0.010550996483001172	0.012437810945273632	0.009389671361502348	0.016442451420029897	0.0071633237822349575	0.011961722488038277	0.0064	0.007087172218284904	0.010043041606886656	0.01913536498936924	0.006024096385542169	0.013621794871794872	0.013212221304706853	0.006896551724137931	0.010711553175210406	0.013245033112582781	0.009467455621301775	0.008928571428571428	0.02049530315969257	0.006787330316742082	0.010477299185098952	0.013404825737265416	0.006666666666666667	0.012055277859453102	0.01303780964797914	0.01440329218106996	0.011111111111111112	0.006507592190889371	0.008535784635587657	0.02005730659025788	0.01549053356282272	0.01034928848641656	0.013723696248856358	0.0091324200913242	0.01702127659574468	0.020481927710843374	0.010936132983377077	0.007326007326007326	0.00398406374501992	0.007575757575757576	0.017341040462427744	0.019836639439906652
ESR1	0.0196078431372549	0.004728132387706856	0.0037174721189591076	0.009411764705882352	0.003006012024048096	0.010040160642570281	0.005719446116797111	0.00423728813559322	0.030927835051546393	0.014874141876430207	0.004968944099378882	0.009505703422053232	0.013605442176870748	0.013052208835341365	0.005834305717619603	0.008375710439724798	0.01020408163265306	0.0038535645472061657	0.0033444816053511705	1.0	0.009708737864077669	0.005115089514066497	0.004993757802746567	0.011479591836734694	0.008620689655172414	0.014044943820224719	0.015086206896551725	0.004	0.0030120481927710845	0.0018050541516245488	0.024494142705005325	0.01868131868131868	0.009146341463414634	0.01282051282051282	0.007228915662650603	0.012376237623762377	0.0036231884057971015	0.004081632653061225	0.015124555160142349	0.008249312557286892	0.012587412587412588	0.0189873417721519	0.013513513513513514	0.01837270341207349	0.01730103806228374	0.013986013986013986	0.00973338975878121	0.009483667017913594	0.00597609561752988	0.006944444444444444	0.011420413990007138	0.0052173913043478265	0.012135922330097087	0.023255813953488372	0.017699115044247787	0.009265858873841768	0.009433962264150943	0.009478672985781991	0.011307420494699646	0.00847457627118644	0.014005602240896359	0.03232323232323232	0.0071090047393364926	0.006509357200976403	0.020689655172413793	0.01603053435114504	0.01978021978021978	0.00935672514619883	0.00974313551815766	0.011754827875734676	0.00663716814159292	0.015028901734104046	0.0051813471502590676	0.01901565995525727	0.00641399416909621	0.00639386189258312	0.018404907975460124	0.015130674002751032	0.010660980810234541	0.017105263157894738	0.025210084033613446	0.014823261117445839	0.012234385061171926	0.012681159420289856	0.004347826086956522	0.012448132780082987	0.00351288056206089	0.011328976034858388	0.007067137809187279	0.011583011583011582	0.01098901098901099	0.008514664143803218	0.014925373134328358
